1532316007056405912399891102980578181073796117930657862783190880815865297772018703385927024351026801294186102838296763827567556751011801274032530276124499 1718462293024810936947801542170261068692218604672007557376288111838815200287081447167570809417872163571990188616933980724450267687232728495647724444394194
5942343458496076990394523727485254010549609587429936550168541621970190936627988324757006034087942777017291250685408460261028635396989524637790091953143 4822989688999293690661762044878633489144417991266152751712002924230607215913338127502861692521369398336487336389907933486121143319844470400983703552364053
5955664322859683929242731259372790827455264564574457478152106219547607464816598502715476727974350478091469219415525626608911523077598166712140267512069695 6482742944765876337219131246185844820046885353949372263952704976875286352086906771282346948869464646223936931877599925263517699342313030812356177889410129
1794803233219670592071462057034038739883391399642379330279864228569382314113307639462031116987906515461417638234878761571930863930419901603984114203223648 2610630409025237170013371342235043611858710200741911541759619082032609032452936557827530447553774263551263416605157495228665437062423226807827401766419108
2882241411550042237472229619963720350798747506818980424289896050762419410908221285256816652508064792492257550398711237391495023901113905153674730603860309 791555014086936819144423345089011036195437209117917809541317315183597435641323036195221077202333204360326738200313219830455105635005276638193003505626070
2625097956634836041482928756081212762536907183821337239747516548890793101279748173085512189408593318897604526656668408071666698144942477812565327119619937 3875761692321966562517972113895480142084570798686643242086317979899785530371639123284888415513162419770810268789827034248094304150931387371358202031137987
5651127190086533748252959242011289181199891100909384440236065534278742698842272145342282482006480973726778822134476139775696543693448539777203141124014997 6307571981525726573355226716866122701177037924217942031690409469196201660489687721286105807264489489629326607012835791813010291349752300910504384788365314
2964446868489366681953568888829699557639021984818161238918521828349084131554466102562287591184911526927800812694103861272866721136687971474484900454306038 2620671679239323734508813161344865564482743876362954851664168012696910604330400600403043286055381038946701938248706479712259286484609609775692665387074052
3111430365956339530656364311737143718715637779580616807326844489553518893896786634899538271391807229157232224885539792153595921123032118993394889153973458 4675083606308905688457375029521248435735462415736892003061146746761919036203618281497537248292398258485483879819896823068821755022396620833275343049246054
2833311919319650299149491798903228479734960575117328189294218392211319987794331740205774611427739814367786667509663300838011536370477926758415085630598506 1810891399845380942185322802637880999908492676904746767854964537091191835624067652764833806944873165198970573602581575882932269946039927501841967056275876
6268388774265485376009210876247329290606441677366659296210404181101931929209935653915219754934507908857132981063989239515056377721080717690236730645211183 661890000898808752078907592590217913191648145851140637783047501686466064905012686845495379694899063678329379082260835450058644327198471179044956133959023
493910567707308511189418059900390330285729463470960446679726978328617984842661139641837808987737234920729920306067698412057149827389096660835193261520882 2835813559203528792198127834266873136227835755140435998628857054690014626599099898428077318279741242082692200450995972929057506050235334213391282252080080
5793591532396141894678964613927651128598381085266333091264487803904834201167159485665297208204341502479601667598245489681224373119797097107438622736295485 430122615534689096551645077104612393576710420949405337028769415568236466265740555364512686506146889303267646718885812399623025563154980361583196391086907
378470531332275891101773837258505800567359475733493613916782461765369438274340808162562658142798726011670227730666911884020058078352134474388502481953798 3216253780405164674665771464328827397855720894575298032963950619689942346753744668000578329709507013952467900938306464602442174542281510703100765155644248
4931844342829826480925464755809853872884489112057659530766163674980064420018422028837939811499173559730779838325086404902465940638772591485789978640610893 191825278012763855539900901143700260365733783171873723625628772212903263646350041388986873992309036540129414155292457964680859056976971905931529669850221
1768309479138445139741597415777783541947148995350076216925320886441668062289971197832517974848824640226975048415955504808710752060878851158901669951829272 4385447596242094663296806078610449261288489759667098808260389803189245565580696753113625935574611008700220659167896701737758079409221364655837098793099833
4046776630597676332837444188739913836345355629594751507292092286796502326751701093788799354048041937734173616334454801127213604076483686194909600978436250 5337046946960483190250347133751078609291224786316100796991328586362573395763879582013483011881801356706734194589071239777643063707627862578417897668507947
4311195402593891440051325094979825644813805145352365780554827478828525123950981300504419428652171948975596258297012120590282661302849846249687183807824407 5307057631665045374551575303772813993219944882558394295381803076325428642263697341659249090968607799316013443409073594942892994117104669409756113227460713
4522822997959793896599695252755207611492546960648434935364271140978031913965715992648078955313596153253240700012756011642801665827383780587502411782707806 6631895082473755969384044488709559854107138207810408212282321909979063060236849725312915299046878067883914872954154161235525956504795557520039861283010537
2969427242451705268822762198659502266102165838001504455357161739410716949238429327076209068727962574855644908988692172621505872689451473272708631783137750 4649159644385078771095775943204147915553680787221688989842647969084894335817999935152809182335278089763029232088352369550372114278196404467166720857297819
4916806895097720900572215727280319860766837052614712829262031667557085445836630951588818449423094882262325781124876907806930021786200318613531042626960060 838266315325405619322797574841618255983335222491003548470523843065010882645489180221145894834923597674072031924092112629942488124616786904600124250334045
4764309645894138713661192397290144949605243851800564518310148334697265301993901352863527796583542662680411285839437507219487903348698933914875780624665256 4853089459891454238507137602885033681257880786364692912484848040690351477850144688433677985888876635562912239042689046176305828859801096044013347130294751
3487908673829878297712474076860404320554346235225976485325065040592517788258571196409758528026164715405992887238039357169114877363058589201617327380046006 6111993952795891270736483166727726838590929621629693985528197051827817325089980352946258454815112357146802812138276367978803579013116565931665439524801849
2047736181639450102580195192314388585505833330335756154385873692334729907989294090946362382097015030842743194103925766977231805183153168858570562750164566 3321466750263864367783312424567624102614566752556708305534593265312418344097061285573315379502453748719513658792839141291020717892541279337024420792472964
1651134205626527425214206507965706405450015386537061805289042184655308815944222185920800699672654681510293112908047538148369474185995439369694841196781478 476042911184528118896785604735052883420586210065848003904474403643955091534350574621973087392321046689253737771314088993790184808506882545674743612031480
154191441889785024125309006659380081747981853613933979421321930551433066205015558940364133588877851932203109078559775155886752316676815133641749811129477 3596548227956317938347037115215603405220755406164420952858905909359981521308527693648204285212580361336616930921998222679822679923511600400717596534073701
2785477185210140561877612185993065624358279141101516988772759239742224025782048780631600798561857321664508528800704105368273226063933825367171121966392286 1593876661575120698967910763574398498361484445954612846866984035199759565481381764345324769965192815208065270599279630114901681361247927570148045125138522
121703031182444556777922862026304071678458561790952601525995563291760426535111630667086699060409799088417135057705668489524967143072434690768018472248751 635513564227741065327651045764557822475046382893387541878104245359626601378684395961290455593883066745522228378967926018068322380401976397114740252160881
2268895543406696843429900086821897785064265282746473945029489964357005676888578113637326211114788765153835998175162322710307240139683569552834003369198316 2541777627094887044517342534712480565430945836907172217830880833427222660993615199425054857399966487929373960054497025745071060655699639718053840816587494
5794221884825682107576540736552651178655818723295552782485788441996375982756658645397274291563139153423055239623539373681001277648733705160274458174427826 2033967008528017975911339556685227652359848379199794720433938181597344359634200463674874029716901029177731043740190053287884091170921849119227076340846852
3595530654045148036196011803414863736188070071871879178195627568287110305636302739900430314658825229501919276254609278183847708095413295849413881972665629 6638725375038732126947110733551136417404642063038086564906634737678513725135935757826627932296247567070713439953659223479938179532771576202267318589784608
4185386981535795075386106054921065582652649648718843778847257031409965445732993519688832960557139128083100395353244456670088445239826012538079732726259468 3247857391363586622520034193128718279532564967756707102271890292427639283964711744579845895311425292648349705317506806799447412750527508100289844373320899
